00000000000000000001000110010111
01101111010000011000000110010011
00000000000000010010000100110111
00000000000000010000000100010011
11111111000000010000000100010011
11111001000111111111000011101111
00000000000000010000011110110111
00010100000001111000011110010011
00000110100000000000011100010011
00100000111000000000000000100011
00000000000101111000011110010011
00000000000001111100011100000011
11111110000001110001101011100011
00100000111000000000000000100011
00000000000101111000011110010011
00000000000001111100011100000011
11111110000001110001101011100011
00100000111000000000000000100011
00000000000101111000011110010011
00000000000001111100011100000011
11111110000001110001101011100011
00100000111000000000000000100011
00000000000101111000011110010011
00000000000001111100011100000011
11111110000001110001101011100011
00100000111000000000000000100011
00000000000101111000011110010011
00000000000001111100011100000011
11111110000001110001101011100011
00000000101000000000011110010011
00100000111100000000000000100011
00000000000000000000010100010011
00000000000000001000000001100111
00100110101000000010110000100011
